(kicad_pcb (version 20171130) (host pcbnew 5.0.0)

  (general
    (thickness 1.6)
    (drawings 11)
    (tracks 773)
    (zones 0)
    (modules 93)
    (nets 209)
  )

  (page USLetter)
  (layers
    (0 F.Cu signal)
    (31 B.Cu mixed)
    (32 B.Adhes user)
    (33 F.Adhes user)
    (34 B.Paste user)
    (35 F.Paste user)
    (36 B.SilkS user)
    (37 F.SilkS user)
    (38 B.Mask user)
    (39 F.Mask user)
    (40 Dwgs.User user)
    (41 Cmts.User user)
    (42 Eco1.User user)
    (43 Eco2.User user)
    (44 Edge.Cuts user)
    (45 Margin user)
    (46 B.CrtYd user)
    (47 F.CrtYd user)
    (48 B.Fab user hide)
    (49 F.Fab user hide)
  )

  (setup
    (last_trace_width 0.254)
    (trace_clearance 0.1524)
    (zone_clearance 0.508)
    (zone_45_only no)
    (trace_min 0.1524)
    (segment_width 0.2)
    (edge_width 0.15)
    (via_size 0.889)
    (via_drill 0.381)
    (via_min_size 0.381)
    (via_min_drill 0.381)
    (uvia_size 1.016)
    (uvia_drill 0.508)
    (uvias_allowed no)
    (uvia_min_size 0.2)
    (uvia_min_drill 0.1)
    (pcb_text_width 0.3)
    (pcb_text_size 1.5 1.5)
    (mod_edge_width 0.15)
    (mod_text_size 1 1)
    (mod_text_width 0.15)
    (pad_size 1.524 1.524)
    (pad_drill 0.762)
    (pad_to_mask_clearance 0.2)
    (aux_axis_origin 0 0)
    (grid_origin 57.176 42.102)
    (visible_elements FFFFFF7F)
    (pcbplotparams
      (layerselection 0x010fc_ffffffff)
      (usegerberextensions false)
      (usegerberattributes false)
      (usegerberadvancedattributes false)
      (creategerberjobfile false)
      (excludeedgelayer true)
      (linewidth 0.100000)
      (plotframeref false)
      (viasonmask false)
      (mode 1)
      (useauxorigin false)
      (hpglpennumber 1)
      (hpglpenspeed 20)
      (hpglpendiameter 15.000000)
      (psnegative false)
      (psa4output false)
      (plotreference true)
      (plotvalue true)
      (plotinvisibletext false)
      (padsonsilk false)
      (subtractmaskfromsilk false)
      (outputformat 1)
      (mirror false)
      (drillshape 1)
      (scaleselection 1)
      (outputdirectory ""))
  )

  (net 0 "")
  (net 1 +12V)
  (net 2 +5V)
  (net 3 +3V3)
  (net 4 GND)
  (net 5 /GPIO-B35)
  (net 6 "/GPIO B/P35")
  (net 7 "/GPIO B/P25")
  (net 8 /GPIO-B25)
  (net 9 "/GPIO B/P34")
  (net 10 /GPIO-B34)
  (net 11 "/GPIO B/P33")
  (net 12 /GPIO-B33)
  (net 13 /GPIO-B29)
  (net 14 "/GPIO B/P29")
  (net 15 /GPIO-B28)
  (net 16 "/GPIO B/P28")
  (net 17 /GPIO-B27)
  (net 18 "/GPIO B/P27")
  (net 19 /GPIO-B26)
  (net 20 "/GPIO B/P26")
  (net 21 /GPIO-B24)
  (net 22 "/GPIO B/P24")
  (net 23 /GPIO-B23)
  (net 24 "/GPIO B/P23")
  (net 25 /GPIO-B22)
  (net 26 "/GPIO B/P22")
  (net 27 /GPIO-B21)
  (net 28 "/GPIO B/P21")
  (net 29 /GPIO-B20)
  (net 30 "/GPIO B/P20")
  (net 31 /GPIO-B19)
  (net 32 "/GPIO B/P19")
  (net 33 /GPIO-B18)
  (net 34 "/GPIO B/P18")
  (net 35 /GPIO-B17)
  (net 36 "/GPIO B/P17")
  (net 37 /GPIO-A26)
  (net 38 /GPIO-B7)
  (net 39 "/GPIO B/P7")
  (net 40 /GPIO-B16)
  (net 41 "/GPIO B/P16")
  (net 42 "/GPIO B/P14")
  (net 43 /GPIO-B14)
  (net 44 "/GPIO B/P13")
  (net 45 /GPIO-B13)
  (net 46 "/GPIO B/P12")
  (net 47 /GPIO-B12)
  (net 48 "/GPIO B/P11")
  (net 49 /GPIO-B11)
  (net 50 "/GPIO B/P10")
  (net 51 /GPIO-B10)
  (net 52 "/GPIO B/P9")
  (net 53 /GPIO-B9)
  (net 54 "/GPIO B/P8")
  (net 55 /GPIO-B8)
  (net 56 /GPIO-B30)
  (net 57 "/GPIO B/P30")
  (net 58 "/GPIO B/P6")
  (net 59 /GPIO-B6)
  (net 60 "/GPIO B/P5")
  (net 61 /GPIO-B5)
  (net 62 "/GPIO B/P4")
  (net 63 /GPIO-B4)
  (net 64 "/GPIO B/P3")
  (net 65 /GPIO-B3)
  (net 66 "/GPIO B/P2")
  (net 67 /GPIO-B2)
  (net 68 "/GPIO B/P1")
  (net 69 /GPIO-B1)
  (net 70 /GPIO-A35)
  (net 71 "/GPIO B/P15")
  (net 72 /GPIO-B15)
  (net 73 /GPIO-A24)
  (net 74 /GPIO-A33)
  (net 75 /GPIO-A32)
  (net 76 /GPIO-A31)
  (net 77 /GPIO-A30)
  (net 78 /GPIO-A29)
  (net 79 /GPIO-A28)
  (net 80 /GPIO-A27)
  (net 81 /GPIO-A16)
  (net 82 /GPIO-A25)
  (net 83 /GPIO-A34)
  (net 84 /GPIO-A23)
  (net 85 /GPIO-A22)
  (net 86 /GPIO-A21)
  (net 87 /GPIO-A20)
  (net 88 /GPIO-A19)
  (net 89 /GPIO-A18)
  (net 90 /GPIO-A17)
  (net 91 /GPIO-A15)
  (net 92 /GPIO-A6)
  (net 93 /GPIO-A14)
  (net 94 /GPIO-A13)
  (net 95 /GPIO-A12)
  (net 96 /GPIO-A11)
  (net 97 /GPIO-A10)
  (net 98 /GPIO-A9)
  (net 99 /GPIO-A8)
  (net 100 "/GPIO B/P31")
  (net 101 /GPIO-B31)
  (net 102 /GPIO-A5)
  (net 103 /GPIO-A4)
  (net 104 /GPIO-A3)
  (net 105 /GPIO-A2)
  (net 106 /GPIO-A1)
  (net 107 /GPIO-A0)
  (net 108 "/GPIO B/P32")
  (net 109 /GPIO-B32)
  (net 110 /GPIO-A7)
  (net 111 /SCL)
  (net 112 /SDA)
  (net 113 "Net-(U3-Pad5)")
  (net 114 "Net-(J4-Pad2)")
  (net 115 "Net-(J4-Pad4)")
  (net 116 /VI2C)
  (net 117 "Net-(J1-Pad98)")
  (net 118 "Net-(J1-Pad97)")
  (net 119 "Net-(J1-Pad96)")
  (net 120 "Net-(J1-Pad28)")
  (net 121 "Net-(J1-Pad30)")
  (net 122 "Net-(J1-Pad32)")
  (net 123 "Net-(J1-Pad40)")
  (net 124 "Net-(J1-Pad18)")
  (net 125 "Net-(J1-Pad20)")
  (net 126 "Net-(J1-Pad26)")
  (net 127 "Net-(J1-Pad22)")
  (net 128 "Net-(J1-Pad24)")
  (net 129 "Net-(J1-Pad12)")
  (net 130 "Net-(J1-Pad14)")
  (net 131 "Net-(J1-Pad16)")
  (net 132 "Net-(J1-Pad10)")
  (net 133 "Net-(J1-Pad27)")
  (net 134 "Net-(J1-Pad29)")
  (net 135 "Net-(J1-Pad31)")
  (net 136 "Net-(J1-Pad39)")
  (net 137 "Net-(J1-Pad19)")
  (net 138 "Net-(J1-Pad25)")
  (net 139 "Net-(J1-Pad21)")
  (net 140 "Net-(J1-Pad23)")
  (net 141 "Net-(J1-Pad11)")
  (net 142 "Net-(J1-Pad13)")
  (net 143 "Net-(J1-Pad15)")
  (net 144 "Net-(J1-Pad9)")
  (net 145 "Net-(J1-Pad1)")
  (net 146 "Net-(J1-Pad3)")
  (net 147 "Net-(J1-Pad5)")
  (net 148 "Net-(J1-Pad7)")
  (net 149 "Net-(J1-Pad2)")
  (net 150 "Net-(J1-Pad4)")
  (net 151 "Net-(J1-Pad6)")
  (net 152 "Net-(J1-Pad8)")
  (net 153 "Net-(J1-Pad17)")
  (net 154 "Net-(J1-Pad95)")
  (net 155 "Net-(J1-Pad36)")
  (net 156 "Net-(J1-Pad38)")
  (net 157 "Net-(J1-Pad35)")
  (net 158 "Net-(J1-Pad37)")
  (net 159 "/GPIO B/P40")
  (net 160 /GPIO-B40)
  (net 161 /GPIO-B39)
  (net 162 "/GPIO B/P39")
  (net 163 "/GPIO B/P38")
  (net 164 /GPIO-B38)
  (net 165 /GPIO-B37)
  (net 166 "/GPIO B/P37")
  (net 167 "/GPIO B/P36")
  (net 168 /GPIO-B36)
  (net 169 /GPIO2)
  (net 170 /GPIO3)
  (net 171 /GPIO4)
  (net 172 /GPIO6)
  (net 173 /GPIO5)
  (net 174 /GPIO10)
  (net 175 /GPIO9)
  (net 176 /GPIO11)
  (net 177 /GPIO12)
  (net 178 /GPIO7)
  (net 179 /GPIO8)
  (net 180 /GPIO18)
  (net 181 /GPIO17)
  (net 182 /GPIO19)
  (net 183 /GPIO20)
  (net 184 /GPIO22)
  (net 185 /GPIO21)
  (net 186 /GPIO16)
  (net 187 /GPIO15)
  (net 188 /GPIO14)
  (net 189 /GPIO13)
  (net 190 /GPIO34)
  (net 191 /GPIO33)
  (net 192 /GPIO35)
  (net 193 /GPIO36)
  (net 194 /GPIO38)
  (net 195 /GPIO37)
  (net 196 /GPIO39)
  (net 197 /GPIO40)
  (net 198 /GPIO29)
  (net 199 /GPIO30)
  (net 200 /GPIO31)
  (net 201 /GPIO32)
  (net 202 /GPIO26)
  (net 203 /GPIO25)
  (net 204 /GPIO27)
  (net 205 /GPIO28)
  (net 206 /GPIO23)
  (net 207 /GPIO24)
  (net 208 /GPIO1)

  (net_class Default "This is the default net class."
    (clearance 0.1524)
    (trace_width 0.254)
    (via_dia 0.889)
    (via_drill 0.381)
    (uvia_dia 1.016)
    (uvia_drill 0.508)
    (diff_pair_gap 25.4)
    (diff_pair_width 25.4)
    (add_net +12V)
    (add_net +3V3)
    (add_net +5V)
    (add_net "/GPIO B/P1")
    (add_net "/GPIO B/P10")
    (add_net "/GPIO B/P11")
    (add_net "/GPIO B/P12")
    (add_net "/GPIO B/P13")
    (add_net "/GPIO B/P14")
    (add_net "/GPIO B/P15")
    (add_net "/GPIO B/P16")
    (add_net "/GPIO B/P17")
    (add_net "/GPIO B/P18")
    (add_net "/GPIO B/P19")
    (add_net "/GPIO B/P2")
    (add_net "/GPIO B/P20")
    (add_net "/GPIO B/P21")
    (add_net "/GPIO B/P22")
    (add_net "/GPIO B/P23")
    (add_net "/GPIO B/P24")
    (add_net "/GPIO B/P25")
    (add_net "/GPIO B/P26")
    (add_net "/GPIO B/P27")
    (add_net "/GPIO B/P28")
    (add_net "/GPIO B/P29")
    (add_net "/GPIO B/P3")
    (add_net "/GPIO B/P30")
    (add_net "/GPIO B/P31")
    (add_net "/GPIO B/P32")
    (add_net "/GPIO B/P33")
    (add_net "/GPIO B/P34")
    (add_net "/GPIO B/P35")
    (add_net "/GPIO B/P36")
    (add_net "/GPIO B/P37")
    (add_net "/GPIO B/P38")
    (add_net "/GPIO B/P39")
    (add_net "/GPIO B/P4")
    (add_net "/GPIO B/P40")
    (add_net "/GPIO B/P5")
    (add_net "/GPIO B/P6")
    (add_net "/GPIO B/P7")
    (add_net "/GPIO B/P8")
    (add_net "/GPIO B/P9")
    (add_net /GPIO-A0)
    (add_net /GPIO-A1)
    (add_net /GPIO-A10)
    (add_net /GPIO-A11)
    (add_net /GPIO-A12)
    (add_net /GPIO-A13)
    (add_net /GPIO-A14)
    (add_net /GPIO-A15)
    (add_net /GPIO-A16)
    (add_net /GPIO-A17)
    (add_net /GPIO-A18)
    (add_net /GPIO-A19)
    (add_net /GPIO-A2)
    (add_net /GPIO-A20)
    (add_net /GPIO-A21)
    (add_net /GPIO-A22)
    (add_net /GPIO-A23)
    (add_net /GPIO-A24)
    (add_net /GPIO-A25)
    (add_net /GPIO-A26)
    (add_net /GPIO-A27)
    (add_net /GPIO-A28)
    (add_net /GPIO-A29)
    (add_net /GPIO-A3)
    (add_net /GPIO-A30)
    (add_net /GPIO-A31)
    (add_net /GPIO-A32)
    (add_net /GPIO-A33)
    (add_net /GPIO-A34)
    (add_net /GPIO-A35)
    (add_net /GPIO-A4)
    (add_net /GPIO-A5)
    (add_net /GPIO-A6)
    (add_net /GPIO-A7)
    (add_net /GPIO-A8)
    (add_net /GPIO-A9)
    (add_net /GPIO-B1)
    (add_net /GPIO-B10)
    (add_net /GPIO-B11)
    (add_net /GPIO-B12)
    (add_net /GPIO-B13)
    (add_net /GPIO-B14)
    (add_net /GPIO-B15)
    (add_net /GPIO-B16)
    (add_net /GPIO-B17)
    (add_net /GPIO-B18)
    (add_net /GPIO-B19)
    (add_net /GPIO-B2)
    (add_net /GPIO-B20)
    (add_net /GPIO-B21)
    (add_net /GPIO-B22)
    (add_net /GPIO-B23)
    (add_net /GPIO-B24)
    (add_net /GPIO-B25)
    (add_net /GPIO-B26)
    (add_net /GPIO-B27)
    (add_net /GPIO-B28)
    (add_net /GPIO-B29)
    (add_net /GPIO-B3)
    (add_net /GPIO-B30)
    (add_net /GPIO-B31)
    (add_net /GPIO-B32)
    (add_net /GPIO-B33)
    (add_net /GPIO-B34)
    (add_net /GPIO-B35)
    (add_net /GPIO-B36)
    (add_net /GPIO-B37)
    (add_net /GPIO-B38)
    (add_net /GPIO-B39)
    (add_net /GPIO-B4)
    (add_net /GPIO-B40)
    (add_net /GPIO-B5)
    (add_net /GPIO-B6)
    (add_net /GPIO-B7)
    (add_net /GPIO-B8)
    (add_net /GPIO-B9)
    (add_net /GPIO1)
    (add_net /GPIO10)
    (add_net /GPIO11)
    (add_net /GPIO12)
    (add_net /GPIO13)
    (add_net /GPIO14)
    (add_net /GPIO15)
    (add_net /GPIO16)
    (add_net /GPIO17)
    (add_net /GPIO18)
    (add_net /GPIO19)
    (add_net /GPIO2)
    (add_net /GPIO20)
    (add_net /GPIO21)
    (add_net /GPIO22)
    (add_net /GPIO23)
    (add_net /GPIO24)
    (add_net /GPIO25)
    (add_net /GPIO26)
    (add_net /GPIO27)
    (add_net /GPIO28)
    (add_net /GPIO29)
    (add_net /GPIO3)
    (add_net /GPIO30)
    (add_net /GPIO31)
    (add_net /GPIO32)
    (add_net /GPIO33)
    (add_net /GPIO34)
    (add_net /GPIO35)
    (add_net /GPIO36)
    (add_net /GPIO37)
    (add_net /GPIO38)
    (add_net /GPIO39)
    (add_net /GPIO4)
    (add_net /GPIO40)
    (add_net /GPIO5)
    (add_net /GPIO6)
    (add_net /GPIO7)
    (add_net /GPIO8)
    (add_net /GPIO9)
    (add_net /SCL)
    (add_net /SDA)
    (add_net /VI2C)
    (add_net GND)
    (add_net "Net-(J1-Pad1)")
    (add_net "Net-(J1-Pad10)")
    (add_net "Net-(J1-Pad11)")
    (add_net "Net-(J1-Pad12)")
    (add_net "Net-(J1-Pad13)")
    (add_net "Net-(J1-Pad14)")
    (add_net "Net-(J1-Pad15)")
    (add_net "Net-(J1-Pad16)")
    (add_net "Net-(J1-Pad17)")
    (add_net "Net-(J1-Pad18)")
    (add_net "Net-(J1-Pad19)")
    (add_net "Net-(J1-Pad2)")
    (add_net "Net-(J1-Pad20)")
    (add_net "Net-(J1-Pad21)")
    (add_net "Net-(J1-Pad22)")
    (add_net "Net-(J1-Pad23)")
    (add_net "Net-(J1-Pad24)")
    (add_net "Net-(J1-Pad25)")
    (add_net "Net-(J1-Pad26)")
    (add_net "Net-(J1-Pad27)")
    (add_net "Net-(J1-Pad28)")
    (add_net "Net-(J1-Pad29)")
    (add_net "Net-(J1-Pad3)")
    (add_net "Net-(J1-Pad30)")
    (add_net "Net-(J1-Pad31)")
    (add_net "Net-(J1-Pad32)")
    (add_net "Net-(J1-Pad35)")
    (add_net "Net-(J1-Pad36)")
    (add_net "Net-(J1-Pad37)")
    (add_net "Net-(J1-Pad38)")
    (add_net "Net-(J1-Pad39)")
    (add_net "Net-(J1-Pad4)")
    (add_net "Net-(J1-Pad40)")
    (add_net "Net-(J1-Pad5)")
    (add_net "Net-(J1-Pad6)")
    (add_net "Net-(J1-Pad7)")
    (add_net "Net-(J1-Pad8)")
    (add_net "Net-(J1-Pad9)")
    (add_net "Net-(J1-Pad95)")
    (add_net "Net-(J1-Pad96)")
    (add_net "Net-(J1-Pad97)")
    (add_net "Net-(J1-Pad98)")
    (add_net "Net-(J4-Pad2)")
    (add_net "Net-(J4-Pad4)")
    (add_net "Net-(U3-Pad5)")
  )

  (net_class Logic_SE50 ""
    (clearance 0.1524)
    (trace_width 2.921)
    (via_dia 1.016)
    (via_drill 0.508)
    (uvia_dia 1.016)
    (uvia_drill 0.508)
    (diff_pair_gap 25.4)
    (diff_pair_width 25.4)
  )

  (net_class Power ""
    (clearance 0.1524)
    (trace_width 2.54)
    (via_dia 1.016)
    (via_drill 0.508)
    (uvia_dia 1.016)
    (uvia_drill 0.508)
    (diff_pair_gap 25.4)
    (diff_pair_width 25.4)
  )

  (module Resistor_SMD:R_0603_1608Metric (layer F.Cu) (tedit 5B301BBD) (tstamp 5B9AE819)
    (at 75.816548 36.851037)
    (descr "Resistor SMD 0603 (1608 Metric), square (rectangular) end terminal, IPC_7351 nominal, (Body size source: http://www.tortai-tech.com/upload/download/2011102023233369053.pdf), generated with kicad-footprint-generator")
    (tags resistor)
    (path /5B89AD18/5B8936EF)
    (attr smd)
    (fp_text reference R68 (at -3.048 0) (layer F.SilkS)
      (effects (font (size 1 1) (thickness 0.15)))
    )
    (fp_text value 50 (at 0 1.43) (layer F.Fab)
      (effects (font (size 1 1) (thickness 0.15)))
    )
    (fp_line (start -0.8 0.4) (end -0.8 -0.4) (layer F.Fab) (width 0.1))
    (fp_line (start -0.8 -0.4) (end 0.8 -0.4) (layer F.Fab) (width 0.1))
    (fp_line (start 0.8 -0.4) (end 0.8 0.4) (layer F.Fab) (width 0.1))
    (fp_line (start 0.8 0.4) (end -0.8 0.4) (layer F.Fab) (width 0.1))
    (fp_line (start -0.162779 -0.51) (end 0.162779 -0.51) (layer F.SilkS) (width 0.12))
    (fp_line (start -0.162779 0.51) (end 0.162779 0.51) (layer F.SilkS) (width 0.12))
    (fp_line (start -1.48 0.73) (end -1.48 -0.73) (layer F.CrtYd) (width 0.05))
    (fp_line (start -1.48 -0.73) (end 1.48 -0.73) (layer F.CrtYd) (width 0.05))
    (fp_line (start 1.48 -0.73) (end 1.48 0.73) (layer F.CrtYd) (width 0.05))
    (fp_line (start 1.48 0.73) (end -1.48 0.73) (layer F.CrtYd) (width 0.05))
    (fp_text user %R (at 0 0) (layer F.Fab)
      (effects (font (size 0.4 0.4) (thickness 0.06)))
    )
    (pad 1 smd roundrect (at -0.7875 0) (size 0.875 0.95) (layers F.Cu F.Paste F.Mask) (roundrect_rratio 0.25)
      (net 168 /GPIO-B36))
    (pad 2 smd roundrect (at 0.7875 0) (size 0.875 0.95) (layers F.Cu F.Paste F.Mask) (roundrect_rratio 0.25)
      (net 167 "/GPIO B/P36"))
    (model ${KISYS3DMOD}/Resistor_SMD.3dshapes/R_0603_1608Metric.wrl
      (at (xyz 0 0 0))
      (scale (xyz 1 1 1))
      (rotate (xyz 0 0 0))
    )
  )

  (module Resistor_SMD:R_0603_1608Metric (layer B.Cu) (tedit 5B301BBD) (tstamp 5B9AE809)
    (at 72.006548 36.851037 180)
    (descr "Resistor SMD 0603 (1608 Metric), square (rectangular) end terminal, IPC_7351 nominal, (Body size source: http://www.tortai-tech.com/upload/download/2011102023233369053.pdf), generated with kicad-footprint-generator")
    (tags resistor)
    (path /5B89AD18/5B8936CC)
    (attr smd)
    (fp_text reference R67 (at 3.048 0 180) (layer B.SilkS)
      (effects (font (size 1 1) (thickness 0.15)) (justify mirror))
    )
    (fp_text value 50 (at 0 -1.43 180) (layer B.Fab)
      (effects (font (size 1 1) (thickness 0.15)) (justify mirror))
    )
    (fp_text user %R (at 0 0 180) (layer B.Fab)
      (effects (font (size 0.4 0.4) (thickness 0.06)) (justify mirror))
    )
    (fp_line (start 1.48 -0.73) (end -1.48 -0.73) (layer B.CrtYd) (width 0.05))
    (fp_line (start 1.48 0.73) (end 1.48 -0.73) (layer B.CrtYd) (width 0.05))
    (fp_line (start -1.48 0.73) (end 1.48 0.73) (layer B.CrtYd) (width 0.05))
    (fp_line (start -1.48 -0.73) (end -1.48 0.73) (layer B.CrtYd) (width 0.05))
    (fp_line (start -0.162779 -0.51) (end 0.162779 -0.51) (layer B.SilkS) (width 0.12))
    (fp_line (start -0.162779 0.51) (end 0.162779 0.51) (layer B.SilkS) (width 0.12))
    (fp_line (start 0.8 -0.4) (end -0.8 -0.4) (layer B.Fab) (width 0.1))
    (fp_line (start 0.8 0.4) (end 0.8 -0.4) (layer B.Fab) (width 0.1))
    (fp_line (start -0.8 0.4) (end 0.8 0.4) (layer B.Fab) (width 0.1))
    (fp_line (start -0.8 -0.4) (end -0.8 0.4) (layer B.Fab) (width 0.1))
    (pad 2 smd roundrect (at 0.7875 0 180) (size 0.875 0.95) (layers B.Cu B.Paste B.Mask) (roundrect_rratio 0.25)
      (net 5 /GPIO-B35))
    (pad 1 smd roundrect (at -0.7875 0 180) (size 0.875 0.95) (layers B.Cu B.Paste B.Mask) (roundrect_rratio 0.25)
      (net 6 "/GPIO B/P35"))
    (model ${KISYS3DMOD}/Resistor_SMD.3dshapes/R_0603_1608Metric.wrl
      (at (xyz 0 0 0))
      (scale (xyz 1 1 1))
      (rotate (xyz 0 0 0))
    )
  )

  (module Resistor_SMD:R_0603_1608Metric (layer F.Cu) (tedit 5B301BBD) (tstamp 5B9AE7F9)
    (at 72.006548 39.391037)
    (descr "Resistor SMD 0603 (1608 Metric), square (rectangular) end terminal, IPC_7351 nominal, (Body size source: http://www.tortai-tech.com/upload/download/2011102023233369053.pdf), generated with kicad-footprint-generator")
    (tags resistor)
    (path /5B89AD18/5B8936F6)
    (attr smd)
    (fp_text reference R66 (at -3.048 0) (layer F.SilkS)
      (effects (font (size 1 1) (thickness 0.15)))
    )
    (fp_text value 50 (at 0 1.43) (layer F.Fab)
      (effects (font (size 1 1) (thickness 0.15)))
    )
    (fp_line (start -0.8 0.4) (end -0.8 -0.4) (layer F.Fab) (width 0.1))
    (fp_line (start -0.8 -0.4) (end 0.8 -0.4) (layer F.Fab) (width 0.1))
    (fp_line (start 0.8 -0.4) (end 0.8 0.4) (layer F.Fab) (width 0.1))
    (fp_line (start 0.8 0.4) (end -0.8 0.4) (layer F.Fab) (width 0.1))
    (fp_line (start -0.162779 -0.51) (end 0.162779 -0.51) (layer F.SilkS) (width 0.12))
    (fp_line (start -0.162779 0.51) (end 0.162779 0.51) (layer F.SilkS) (width 0.12))
    (fp_line (start -1.48 0.73) (end -1.48 -0.73) (layer F.CrtYd) (width 0.05))
    (fp_line (start -1.48 -0.73) (end 1.48 -0.73) (layer F.CrtYd) (width 0.05))
    (fp_line (start 1.48 -0.73) (end 1.48 0.73) (layer F.CrtYd) (width 0.05))
    (fp_line (start 1.48 0.73) (end -1.48 0.73) (layer F.CrtYd) (width 0.05))
    (fp_text user %R (at 0 0) (layer F.Fab)
      (effects (font (size 0.4 0.4) (thickness 0.06)))
    )
    (pad 1 smd roundrect (at -0.7875 0) (size 0.875 0.95) (layers F.Cu F.Paste F.Mask) (roundrect_rratio 0.25)
      (net 10 /GPIO-B34))
    (pad 2 smd roundrect (at 0.7875 0) (size 0.875 0.95) (layers F.Cu F.Paste F.Mask) (roundrect_rratio 0.25)
      (net 9 "/GPIO B/P34"))
    (model ${KISYS3DMOD}/Resistor_SMD.3dshapes/R_0603_1608Metric.wrl
      (at (xyz 0 0 0))
      (scale (xyz 1 1 1))
      (rotate (xyz 0 0 0))
    )
  )

  (module Resistor_SMD:R_0603_1608Metric (layer B.Cu) (tedit 5B301BBD) (tstamp 5B9AE7E9)
    (at 72.006548 67.331037 180)
    (descr "Resistor SMD 0603 (1608 Metric), square (rectangular) end terminal, IPC_7351 nominal, (Body size source: http://www.tortai-tech.com/upload/download/2011102023233369053.pdf), generated with kicad-footprint-generator")
    (tags resistor)
    (path /5B89AD18/5B9B8BCB)
    (attr smd)
    (fp_text reference R1 (at 2.54 0 180) (layer B.SilkS)
      (effects (font (size 1 1) (thickness 0.15)) (justify mirror))
    )
    (fp_text value 50 (at 0 -1.43 180) (layer B.Fab)
      (effects (font (size 1 1) (thickness 0.15)) (justify mirror))
    )
    (fp_text user %R (at 0 0 180) (layer B.Fab)
      (effects (font (size 0.4 0.4) (thickness 0.06)) (justify mirror))
    )
    (fp_line (start 1.48 -0.73) (end -1.48 -0.73) (layer B.CrtYd) (width 0.05))
    (fp_line (start 1.48 0.73) (end 1.48 -0.73) (layer B.CrtYd) (width 0.05))
    (fp_line (start -1.48 0.73) (end 1.48 0.73) (layer B.CrtYd) (width 0.05))
    (fp_line (start -1.48 -0.73) (end -1.48 0.73) (layer B.CrtYd) (width 0.05))
    (fp_line (start -0.162779 -0.51) (end 0.162779 -0.51) (layer B.SilkS) (width 0.12))
    (fp_line (start -0.162779 0.51) (end 0.162779 0.51) (layer B.SilkS) (width 0.12))
    (fp_line (start 0.8 -0.4) (end -0.8 -0.4) (layer B.Fab) (width 0.1))
    (fp_line (start 0.8 0.4) (end 0.8 -0.4) (layer B.Fab) (width 0.1))
    (fp_line (start -0.8 0.4) (end 0.8 0.4) (layer B.Fab) (width 0.1))
    (fp_line (start -0.8 -0.4) (end -0.8 0.4) (layer B.Fab) (width 0.1))
    (pad 2 smd roundrect (at 0.7875 0 180) (size 0.875 0.95) (layers B.Cu B.Paste B.Mask) (roundrect_rratio 0.25)
      (net 49 /GPIO-B11))
    (pad 1 smd roundrect (at -0.7875 0 180) (size 0.875 0.95) (layers B.Cu B.Paste B.Mask) (roundrect_rratio 0.25)
      (net 48 "/GPIO B/P11"))
    (model ${KISYS3DMOD}/Resistor_SMD.3dshapes/R_0603_1608Metric.wrl
      (at (xyz 0 0 0))
      (scale (xyz 1 1 1))
      (rotate (xyz 0 0 0))
    )
  )

  (module Resistor_SMD:R_0603_1608Metric (layer B.Cu) (tedit 5B301BBD) (tstamp 5B9AE7D9)
    (at 75.816548 44.471037 180)
    (descr "Resistor SMD 0603 (1608 Metric), square (rectangular) end terminal, IPC_7351 nominal, (Body size source: http://www.tortai-tech.com/upload/download/2011102023233369053.pdf), generated with kicad-footprint-generator")
    (tags resistor)
    (path /5B89AD18/5B9B84C5)
    (attr smd)
    (fp_text reference R2 (at 2.54 0 180) (layer B.SilkS)
      (effects (font (size 1 1) (thickness 0.15)) (justify mirror))
    )
    (fp_text value 50 (at 0 -1.43 180) (layer B.Fab)
      (effects (font (size 1 1) (thickness 0.15)) (justify mirror))
    )
    (fp_line (start -0.8 -0.4) (end -0.8 0.4) (layer B.Fab) (width 0.1))
    (fp_line (start -0.8 0.4) (end 0.8 0.4) (layer B.Fab) (width 0.1))
    (fp_line (start 0.8 0.4) (end 0.8 -0.4) (layer B.Fab) (width 0.1))
    (fp_line (start 0.8 -0.4) (end -0.8 -0.4) (layer B.Fab) (width 0.1))
    (fp_line (start -0.162779 0.51) (end 0.162779 0.51) (layer B.SilkS) (width 0.12))
    (fp_line (start -0.162779 -0.51) (end 0.162779 -0.51) (layer B.SilkS) (width 0.12))
    (fp_line (start -1.48 -0.73) (end -1.48 0.73) (layer B.CrtYd) (width 0.05))
    (fp_line (start -1.48 0.73) (end 1.48 0.73) (layer B.CrtYd) (width 0.05))
    (fp_line (start 1.48 0.73) (end 1.48 -0.73) (layer B.CrtYd) (width 0.05))
    (fp_line (start 1.48 -0.73) (end -1.48 -0.73) (layer B.CrtYd) (width 0.05))
    (fp_text user %R (at 0 0 180) (layer B.Fab)
      (effects (font (size 0.4 0.4) (thickness 0.06)) (justify mirror))
    )
    (pad 1 smd roundrect (at -0.7875 0 180) (size 0.875 0.95) (layers B.Cu B.Paste B.Mask) (roundrect_rratio 0.25)
      (net 14 "/GPIO B/P29"))
    (pad 2 smd roundrect (at 0.7875 0 180) (size 0.875 0.95) (layers B.Cu B.Paste B.Mask) (roundrect_rratio 0.25)
      (net 13 /GPIO-B29))
    (model ${KISYS3DMOD}/Resistor_SMD.3dshapes/R_0603_1608Metric.wrl
      (at (xyz 0 0 0))
      (scale (xyz 1 1 1))
      (rotate (xyz 0 0 0))
    )
  )

  (module Resistor_SMD:R_0603_1608Metric (layer F.Cu) (tedit 5B301BBD) (tstamp 5B9AE7C9)
    (at 75.816548 67.331037)
    (descr "Resistor SMD 0603 (1608 Metric), square (rectangular) end terminal, IPC_7351 nominal, (Body size source: http://www.tortai-tech.com/upload/download/2011102023233369053.pdf), generated with kicad-footprint-generator")
    (tags resistor)
    (path /5B89AD18/5B9E0A3B)
    (attr smd)
    (fp_text reference R3 (at -2.794 0) (layer F.SilkS)
      (effects (font (size 1 1) (thickness 0.15)))
    )
    (fp_text value 50 (at 0 1.43) (layer F.Fab)
      (effects (font (size 1 1) (thickness 0.15)))
    )
    (fp_text user %R (at 0 0) (layer F.Fab)
      (effects (font (size 0.4 0.4) (thickness 0.06)))
    )
    (fp_line (start 1.48 0.73) (end -1.48 0.73) (layer F.CrtYd) (width 0.05))
    (fp_line (start 1.48 -0.73) (end 1.48 0.73) (layer F.CrtYd) (width 0.05))
    (fp_line (start -1.48 -0.73) (end 1.48 -0.73) (layer F.CrtYd) (width 0.05))
    (fp_line (start -1.48 0.73) (end -1.48 -0.73) (layer F.CrtYd) (width 0.05))
    (fp_line (start -0.162779 0.51) (end 0.162779 0.51) (layer F.SilkS) (width 0.12))
    (fp_line (start -0.162779 -0.51) (end 0.162779 -0.51) (layer F.SilkS) (width 0.12))
    (fp_line (start 0.8 0.4) (end -0.8 0.4) (layer F.Fab) (width 0.1))
    (fp_line (start 0.8 -0.4) (end 0.8 0.4) (layer F.Fab) (width 0.1))
    (fp_line (start -0.8 -0.4) (end 0.8 -0.4) (layer F.Fab) (width 0.1))
    (fp_line (start -0.8 0.4) (end -0.8 -0.4) (layer F.Fab) (width 0.1))
    (pad 2 smd roundrect (at 0.7875 0) (size 0.875 0.95) (layers F.Cu F.Paste F.Mask) (roundrect_rratio 0.25)
      (net 46 "/GPIO B/P12"))
    (pad 1 smd roundrect (at -0.7875 0) (size 0.875 0.95) (layers F.Cu F.Paste F.Mask) (roundrect_rratio 0.25)
      (net 47 /GPIO-B12))
    (model ${KISYS3DMOD}/Resistor_SMD.3dshapes/R_0603_1608Metric.wrl
      (at (xyz 0 0 0))
      (scale (xyz 1 1 1))
      (rotate (xyz 0 0 0))
    )
  )

  (module Resistor_SMD:R_0603_1608Metric (layer F.Cu) (tedit 5B301BBD) (tstamp 5B9AE7B9)
    (at 72.006548 44.471037)
    (descr "Resistor SMD 0603 (1608 Metric), square (rectangular) end terminal, IPC_7351 nominal, (Body size source: http://www.tortai-tech.com/upload/download/2011102023233369053.pdf), generated with kicad-footprint-generator")
    (tags resistor)
    (path /5B89AD18/5B9B8421)
    (attr smd)
    (fp_text reference R4 (at -2.54 0) (layer F.SilkS)
      (effects (font (size 1 1) (thickness 0.15)))
    )
    (fp_text value 50 (at 0 1.43) (layer F.Fab)
      (effects (font (size 1 1) (thickness 0.15)))
    )
    (fp_line (start -0.8 0.4) (end -0.8 -0.4) (layer F.Fab) (width 0.1))
    (fp_line (start -0.8 -0.4) (end 0.8 -0.4) (layer F.Fab) (width 0.1))
    (fp_line (start 0.8 -0.4) (end 0.8 0.4) (layer F.Fab) (width 0.1))
    (fp_line (start 0.8 0.4) (end -0.8 0.4) (layer F.Fab) (width 0.1))
    (fp_line (start -0.162779 -0.51) (end 0.162779 -0.51) (layer F.SilkS) (width 0.12))
    (fp_line (start -0.162779 0.51) (end 0.162779 0.51) (layer F.SilkS) (width 0.12))
    (fp_line (start -1.48 0.73) (end -1.48 -0.73) (layer F.CrtYd) (width 0.05))
    (fp_line (start -1.48 -0.73) (end 1.48 -0.73) (layer F.CrtYd) (width 0.05))
    (fp_line (start 1.48 -0.73) (end 1.48 0.73) (layer F.CrtYd) (width 0.05))
    (fp_line (start 1.48 0.73) (end -1.48 0.73) (layer F.CrtYd) (width 0.05))
    (fp_text user %R (at 0 0) (layer F.Fab)
      (effects (font (size 0.4 0.4) (thickness 0.06)))
    )
    (pad 1 smd roundrect (at -0.7875 0) (size 0.875 0.95) (layers F.Cu F.Paste F.Mask) (roundrect_rratio 0.25)
      (net 56 /GPIO-B30))
    (pad 2 smd roundrect (at 0.7875 0) (size 0.875 0.95) (layers F.Cu F.Paste F.Mask) (roundrect_rratio 0.25)
      (net 57 "/GPIO B/P30"))
    (model ${KISYS3DMOD}/Resistor_SMD.3dshapes/R_0603_1608Metric.wrl
      (at (xyz 0 0 0))
      (scale (xyz 1 1 1))
      (rotate (xyz 0 0 0))
    )
  )

  (module Resistor_SMD:R_0603_1608Metric (layer B.Cu) (tedit 5B301BBD) (tstamp 5B9AE789)
    (at 75.816548 39.391037 180)
    (descr "Resistor SMD 0603 (1608 Metric), square (rectangular) end terminal, IPC_7351 nominal, (Body size source: http://www.tortai-tech.com/upload/download/2011102023233369053.pdf), generated with kicad-footprint-generator")
    (tags resistor)
    (path /5B89AD18/5B8936C5)
    (attr smd)
    (fp_text reference R65 (at 3.048 0 180) (layer B.SilkS)
      (effects (font (size 1 1) (thickness 0.15)) (justify mirror))
    )
    (fp_text value 50 (at 0 -1.43 180) (layer B.Fab)
      (effects (font (size 1 1) (thickness 0.15)) (justify mirror))
    )
    (fp_text user %R (at 0 0 180) (layer B.Fab)
      (effects (font (size 0.4 0.4) (thickness 0.06)) (justify mirror))
    )
    (fp_line (start 1.48 -0.73) (end -1.48 -0.73) (layer B.CrtYd) (width 0.05))
    (fp_line (start 1.48 0.73) (end 1.48 -0.73) (layer B.CrtYd) (width 0.05))
    (fp_line (start -1.48 0.73) (end 1.48 0.73) (layer B.CrtYd) (width 0.05))
    (fp_line (start -1.48 -0.73) (end -1.48 0.73) (layer B.CrtYd) (width 0.05))
    (fp_line (start -0.162779 -0.51) (end 0.162779 -0.51) (layer B.SilkS) (width 0.12))
    (fp_line (start -0.162779 0.51) (end 0.162779 0.51) (layer B.SilkS) (width 0.12))
    (fp_line (start 0.8 -0.4) (end -0.8 -0.4) (layer B.Fab) (width 0.1))
    (fp_line (start 0.8 0.4) (end 0.8 -0.4) (layer B.Fab) (width 0.1))
    (fp_line (start -0.8 0.4) (end 0.8 0.4) (layer B.Fab) (width 0.1))
    (fp_line (start -0.8 -0.4) (end -0.8 0.4) (layer B.Fab) (width 0.1))
    (pad 2 smd roundrect (at 0.7875 0 180) (size 0.875 0.95) (layers B.Cu B.Paste B.Mask) (roundrect_rratio 0.25)
      (net 12 /GPIO-B33))
    (pad 1 smd roundrect (at -0.7875 0 180) (size 0.875 0.95) (layers B.Cu B.Paste B.Mask) (roundrect_rratio 0.25)
      (net 11 "/GPIO B/P33"))
    (model ${KISYS3DMOD}/Resistor_SMD.3dshapes/R_0603_1608Metric.wrl
      (at (xyz 0 0 0))
      (scale (xyz 1 1 1))
      (rotate (xyz 0 0 0))
    )
  )

  (module Resistor_SMD:R_0603_1608Metric (layer F.Cu) (tedit 5B301BBD) (tstamp 5B9AE779)
    (at 75.816548 77.491037)
    (descr "Resistor SMD 0603 (1608 Metric), square (rectangular) end terminal, IPC_7351 nominal, (Body size source: http://www.tortai-tech.com/upload/download/2011102023233369053.pdf), generated with kicad-footprint-generator")
    (tags resistor)
    (path /5B89AD18/5B893751)
    (attr smd)
    (fp_text reference R40 (at -3.048 0) (layer F.SilkS)
      (effects (font (size 1 1) (thickness 0.15)))
    )
    (fp_text value 50 (at 0 1.43) (layer F.Fab)
      (effects (font (size 1 1) (thickness 0.15)))
    )
    (fp_line (start -0.8 0.4) (end -0.8 -0.4) (layer F.Fab) (width 0.1))
    (fp_line (start -0.8 -0.4) (end 0.8 -0.4) (layer F.Fab) (width 0.1))
    (fp_line (start 0.8 -0.4) (end 0.8 0.4) (layer F.Fab) (width 0.1))
    (fp_line (start 0.8 0.4) (end -0.8 0.4) (layer F.Fab) (width 0.1))
    (fp_line (start -0.162779 -0.51) (end 0.162779 -0.51) (layer F.SilkS) (width 0.12))
    (fp_line (start -0.162779 0.51) (end 0.162779 0.51) (layer F.SilkS) (width 0.12))
    (fp_line (start -1.48 0.73) (end -1.48 -0.73) (layer F.CrtYd) (width 0.05))
    (fp_line (start -1.48 -0.73) (end 1.48 -0.73) (layer F.CrtYd) (width 0.05))
    (fp_line (start 1.48 -0.73) (end 1.48 0.73) (layer F.CrtYd) (width 0.05))
    (fp_line (start 1.48 0.73) (end -1.48 0.73) (layer F.CrtYd) (width 0.05))
    (fp_text user %R (at 0 0) (layer F.Fab)
      (effects (font (size 0.4 0.4) (thickness 0.06)))
    )
    (pad 1 smd roundrect (at -0.7875 0) (size 0.875 0.95) (layers F.Cu F.Paste F.Mask) (roundrect_rratio 0.25)
      (net 63 /GPIO-B4))
    (pad 2 smd roundrect (at 0.7875 0) (size 0.875 0.95) (layers F.Cu F.Paste F.Mask) (roundrect_rratio 0.25)
      (net 62 "/GPIO B/P4"))
    (model ${KISYS3DMOD}/Resistor_SMD.3dshapes/R_0603_1608Metric.wrl
      (at (xyz 0 0 0))
      (scale (xyz 1 1 1))
      (rotate (xyz 0 0 0))
    )
  )

  (module Resistor_SMD:R_0603_1608Metric (layer B.Cu) (tedit 5B301BBD) (tstamp 5B9AE769)
    (at 75.816548 74.951037 180)
    (descr "Resistor SMD 0603 (1608 Metric), square (rectangular) end terminal, IPC_7351 nominal, (Body size source: http://www.tortai-tech.com/upload/download/2011102023233369053.pdf), generated with kicad-footprint-generator")
    (tags resistor)
    (path /5B89AD18/5B893671)
    (attr smd)
    (fp_text reference R41 (at 3.048 0 180) (layer B.SilkS)
      (effects (font (size 1 1) (thickness 0.15)) (justify mirror))
    )
    (fp_text value 50 (at 0 -1.43 180) (layer B.Fab)
      (effects (font (size 1 1) (thickness 0.15)) (justify mirror))
    )
    (fp_text user %R (at 0 0 180) (layer B.Fab)
      (effects (font (size 0.4 0.4) (thickness 0.06)) (justify mirror))
    )
    (fp_line (start 1.48 -0.73) (end -1.48 -0.73) (layer B.CrtYd) (width 0.05))
    (fp_line (start 1.48 0.73) (end 1.48 -0.73) (layer B.CrtYd) (width 0.05))
    (fp_line (start -1.48 0.73) (end 1.48 0.73) (layer B.CrtYd) (width 0.05))
    (fp_line (start -1.48 -0.73) (end -1.48 0.73) (layer B.CrtYd) (width 0.05))
    (fp_line (start -0.162779 -0.51) (end 0.162779 -0.51) (layer B.SilkS) (width 0.12))
    (fp_line (start -0.162779 0.51) (end 0.162779 0.51) (layer B.SilkS) (width 0.12))
    (fp_line (start 0.8 -0.4) (end -0.8 -0.4) (layer B.Fab) (width 0.1))
    (fp_line (start 0.8 0.4) (end 0.8 -0.4) (layer B.Fab) (width 0.1))
    (fp_line (start -0.8 0.4) (end 0.8 0.4) (layer B.Fab) (width 0.1))
    (fp_line (start -0.8 -0.4) (end -0.8 0.4) (layer B.Fab) (width 0.1))
    (pad 2 smd roundrect (at 0.7875 0 180) (size 0.875 0.95) (layers B.Cu B.Paste B.Mask) (roundrect_rratio 0.25)
      (net 61 /GPIO-B5))
    (pad 1 smd roundrect (at -0.7875 0 180) (size 0.875 0.95) (layers B.Cu B.Paste B.Mask) (roundrect_rratio 0.25)
      (net 60 "/GPIO B/P5"))
    (model ${KISYS3DMOD}/Resistor_SMD.3dshapes/R_0603_1608Metric.wrl
      (at (xyz 0 0 0))
      (scale (xyz 1 1 1))
      (rotate (xyz 0 0 0))
    )
  )

  (module Resistor_SMD:R_0603_1608Metric (layer F.Cu) (tedit 5B301BBD) (tstamp 5B9AE759)
    (at 72.006548 74.951037)
    (descr "Resistor SMD 0603 (1608 Metric), square (rectangular) end terminal, IPC_7351 nominal, (Body size source: http://www.tortai-tech.com/upload/download/2011102023233369053.pdf), generated with kicad-footprint-generator")
    (tags resistor)
    (path /5B89AD18/5B89374A)
    (attr smd)
    (fp_text reference R42 (at -3.048 0) (layer F.SilkS)
      (effects (font (size 1 1) (thickness 0.15)))
    )
    (fp_text value 50 (at 0 1.43) (layer F.Fab)
      (effects (font (size 1 1) (thickness 0.15)))
    )
    (fp_line (start -0.8 0.4) (end -0.8 -0.4) (layer F.Fab) (width 0.1))
    (fp_line (start -0.8 -0.4) (end 0.8 -0.4) (layer F.Fab) (width 0.1))
    (fp_line (start 0.8 -0.4) (end 0.8 0.4) (layer F.Fab) (width 0.1))
    (fp_line (start 0.8 0.4) (end -0.8 0.4) (layer F.Fab) (width 0.1))
    (fp_line (start -0.162779 -0.51) (end 0.162779 -0.51) (layer F.SilkS) (width 0.12))
    (fp_line (start -0.162779 0.51) (end 0.162779 0.51) (layer F.SilkS) (width 0.12))
    (fp_line (start -1.48 0.73) (end -1.48 -0.73) (layer F.CrtYd) (width 0.05))
    (fp_line (start -1.48 -0.73) (end 1.48 -0.73) (layer F.CrtYd) (width 0.05))
    (fp_line (start 1.48 -0.73) (end 1.48 0.73) (layer F.CrtYd) (width 0.05))
    (fp_line (start 1.48 0.73) (end -1.48 0.73) (layer F.CrtYd) (width 0.05))
    (fp_text user %R (at 0 0) (layer F.Fab)
      (effects (font (size 0.4 0.4) (thickness 0.06)))
    )
    (pad 1 smd roundrect (at -0.7875 0) (size 0.875 0.95) (layers F.Cu F.Paste F.Mask) (roundrect_rratio 0.25)
      (net 59 /GPIO-B6))
    (pad 2 smd roundrect (at 0.7875 0) (size 0.875 0.95) (layers F.Cu F.Paste F.Mask) (roundrect_rratio 0.25)
      (net 58 "/GPIO B/P6"))
    (model ${KISYS3DMOD}/Resistor_SMD.3dshapes/R_0603_1608Metric.wrl
      (at (xyz 0 0 0))
      (scale (xyz 1 1 1))
      (rotate (xyz 0 0 0))
    )
  )

  (module Resistor_SMD:R_0603_1608Metric (layer B.Cu) (tedit 5B301BBD) (tstamp 5B9AE749)
    (at 72.006548 72.411037 180)
    (descr "Resistor SMD 0603 (1608 Metric), square (rectangular) end terminal, IPC_7351 nominal, (Body size source: http://www.tortai-tech.com/upload/download/2011102023233369053.pdf), generated with kicad-footprint-generator")
    (tags resistor)
    (path /5B89AD18/5B893678)
    (attr smd)
    (fp_text reference R43 (at 3.048 0 180) (layer B.SilkS)
      (effects (font (size 1 1) (thickness 0.15)) (justify mirror))
    )
    (fp_text value 50 (at 0 -1.43 180) (layer B.Fab)
      (effects (font (size 1 1) (thickness 0.15)) (justify mirror))
    )
    (fp_text user %R (at 0 0 180) (layer B.Fab)
      (effects (font (size 0.4 0.4) (thickness 0.06)) (justify mirror))
    )
    (fp_line (start 1.48 -0.73) (end -1.48 -0.73) (layer B.CrtYd) (width 0.05))
    (fp_line (start 1.48 0.73) (end 1.48 -0.73) (layer B.CrtYd) (width 0.05))
    (fp_line (start -1.48 0.73) (end 1.48 0.73) (layer B.CrtYd) (width 0.05))
    (fp_line (start -1.48 -0.73) (end -1.48 0.73) (layer B.CrtYd) (width 0.05))
    (fp_line (start -0.162779 -0.51) (end 0.162779 -0.51) (layer B.SilkS) (width 0.12))
    (fp_line (start -0.162779 0.51) (end 0.162779 0.51) (layer B.SilkS) (width 0.12))
    (fp_line (start 0.8 -0.4) (end -0.8 -0.4) (layer B.Fab) (width 0.1))
    (fp_line (start 0.8 0.4) (end 0.8 -0.4) (layer B.Fab) (width 0.1))
    (fp_line (start -0.8 0.4) (end 0.8 0.4) (layer B.Fab) (width 0.1))
    (fp_line (start -0.8 -0.4) (end -0.8 0.4) (layer B.Fab) (width 0.1))
    (pad 2 smd roundrect (at 0.7875 0 180) (size 0.875 0.95) (layers B.Cu B.Paste B.Mask) (roundrect_rratio 0.25)
      (net 38 /GPIO-B7))
    (pad 1 smd roundrect (at -0.7875 0 180) (size 0.875 0.95) (layers B.Cu B.Paste B.Mask) (roundrect_rratio 0.25)
      (net 39 "/GPIO B/P7"))
    (model ${KISYS3DMOD}/Resistor_SMD.3dshapes/R_0603_1608Metric.wrl
      (at (xyz 0 0 0))
      (scale (xyz 1 1 1))
      (rotate (xyz 0 0 0))
    )
  )

  (module Resistor_SMD:R_0603_1608Metric (layer F.Cu) (tedit 5B301BBD) (tstamp 5B9AE739)
    (at 75.816548 72.411037)
    (descr "Resistor SMD 0603 (1608 Metric), square (rectangular) end terminal, IPC_7351 nominal, (Body size source: http://www.tortai-tech.com/upload/download/2011102023233369053.pdf), generated with kicad-footprint-generator")
    (tags resistor)
    (path /5B89AD18/5B893743)
    (attr smd)
    (fp_text reference R44 (at -3.048 0) (layer F.SilkS)
      (effects (font (size 1 1) (thickness 0.15)))
    )
    (fp_text value 50 (at 0 1.43) (layer F.Fab)
      (effects (font (size 1 1) (thickness 0.15)))
    )
    (fp_line (start -0.8 0.4) (end -0.8 -0.4) (layer F.Fab) (width 0.1))
    (fp_line (start -0.8 -0.4) (end 0.8 -0.4) (layer F.Fab) (width 0.1))
    (fp_line (start 0.8 -0.4) (end 0.8 0.4) (layer F.Fab) (width 0.1))
    (fp_line (start 0.8 0.4) (end -0.8 0.4) (layer F.Fab) (width 0.1))
    (fp_line (start -0.162779 -0.51) (end 0.162779 -0.51) (layer F.SilkS) (width 0.12))
    (fp_line (start -0.162779 0.51) (end 0.162779 0.51) (layer F.SilkS) (width 0.12))
    (fp_line (start -1.48 0.73) (end -1.48 -0.73) (layer F.CrtYd) (width 0.05))
    (fp_line (start -1.48 -0.73) (end 1.48 -0.73) (layer F.CrtYd) (width 0.05))
    (fp_line (start 1.48 -0.73) (end 1.48 0.73) (layer F.CrtYd) (width 0.05))
    (fp_line (start 1.48 0.73) (end -1.48 0.73) (layer F.CrtYd) (width 0.05))
    (fp_text user %R (at 0 0) (layer F.Fab)
      (effects (font (size 0.4 0.4) (thickness 0.06)))
    )
    (pad 1 smd roundrect (at -0.7875 0) (size 0.875 0.95) (layers F.Cu F.Paste F.Mask) (roundrect_rratio 0.25)
      (net 55 /GPIO-B8))
    (pad 2 smd roundrect (at 0.7875 0) (size 0.875 0.95) (layers F.Cu F.Paste F.Mask) (roundrect_rratio 0.25)
      (net 54 "/GPIO B/P8"))
    (model ${KISYS3DMOD}/Resistor_SMD.3dshapes/R_0603_1608Metric.wrl
      (at (xyz 0 0 0))
      (scale (xyz 1 1 1))
      (rotate (xyz 0 0 0))
    )
  )

  (module Resistor_SMD:R_0603_1608Metric (layer B.Cu) (tedit 5B301BBD) (tstamp 5B9AE729)
    (at 75.816548 69.871037 180)
    (descr "Resistor SMD 0603 (1608 Metric), square (rectangular) end terminal, IPC_7351 nominal, (Body size source: http://www.tortai-tech.com/upload/download/2011102023233369053.pdf), generated with kicad-footprint-generator")
    (tags resistor)
    (path /5B89AD18/5B89367F)
    (attr smd)
    (fp_text reference R45 (at 3.048 0 180) (layer B.SilkS)
      (effects (font (size 1 1) (thickness 0.15)) (justify mirror))
    )
    (fp_text value 50 (at 0 -1.43 180) (layer B.Fab)
      (effects (font (size 1 1) (thickness 0.15)) (justify mirror))
    )
    (fp_text user %R (at 0 0 180) (layer B.Fab)
      (effects (font (size 0.4 0.4) (thickness 0.06)) (justify mirror))
    )
    (fp_line (start 1.48 -0.73) (end -1.48 -0.73) (layer B.CrtYd) (width 0.05))
    (fp_line (start 1.48 0.73) (end 1.48 -0.73) (layer B.CrtYd) (width 0.05))
    (fp_line (start -1.48 0.73) (end 1.48 0.73) (layer B.CrtYd) (width 0.05))
    (fp_line (start -1.48 -0.73) (end -1.48 0.73) (layer B.CrtYd) (width 0.05))
    (fp_line (start -0.162779 -0.51) (end 0.162779 -0.51) (layer B.SilkS) (width 0.12))
    (fp_line (start -0.162779 0.51) (end 0.162779 0.51) (layer B.SilkS) (width 0.12))
    (fp_line (start 0.8 -0.4) (end -0.8 -0.4) (layer B.Fab) (width 0.1))
